"Beverwijk" "Oostzaan" 380 1 1900 0 379.160685247419 122.926748815474
"Crayestein" "Krimpen" 380 2 2635 0 180.995832351604 109.023468979206
"Diemen" "Lelystad" 380 2 1645 0 190.620663588968 111.235363112104
"Dodewaard" "Doetinchem" 380 2 1645 0 105.446205086491 104.205195697511
"Doetinchem" "Hengelo" 380 2 1645 0 86.6592312068653 99.1928469640458
"Eemshaven" "Meeden" 380 2 2635 0 218 114.5442102
"Ens" "Zwolle" 380 2 1645 0 111.086087952755 104.262300791501
"Geertruidenberg" "Eindhoven" 380 3 1645 0 102.460358449824 103.160490876032
"Geertruidenberg" "Borssele" 380 1 1645 0 200.843749204348 111.094555078779
"Krimpen" "Bleiswijk" 380 1 2635 0 222.612909439636 111.896938118448
"Krimpen" "Diemen" 380 1 1645 0 230.671416345386 112.292222983928
"Krimpen" "Geertruidenberg" 380 2 1645 0 162.598564343876 107.975168677783
"Krimpen" "Oostzaan" 380 1 1645 0 252.705615545705 114.629646894614
"Lelystad" "Ens" 380 2 1645 0 161.0487071516 109.306139538267
"Maasbracht" "Dodewaard" 380 1 1645 0 92.496513289974 99.8034277318805
"Maasbracht" "Eindhoven" 380 2 1645 0 107.387034484641 100.092689400404
"Oostzaan" "Diemen" 380 1 1900 0 233.936050310556 112.854128509394
"Zwolle" "Hengelo" 380 2 1645 0 76.9875472403601 97.5892369923384
"Zwolle" "Meeden" 380 2 2635 0 139.708661008388 106.936598510491
"Hessenweg" "Ens" 220 2 953 0 111.10487880012 104.26624603959
"Oudehaske" "Ens" 220 2 953 0 153.706964898984 109.71905697066
"Zeyerveen" "Hessenweg" 220 1 457 0 134.988875938547 107.099161467376
"Louwsmeer" "Bergum" 220 2 953 0 287.945968881227 119.99129051007
"Louwsmeer" "Oudehaske" 220 2 953 0 227.381616543245 115.392140654574
"Eemshaven" "Schildmeer" 220 2 1525 0 218 114.5442102
"Bergum" "Vierverlaten" 220 2 953 0 305.909453125291 121.016946612144
"Vierverlaten" "Eemshaven" 220 3 884 0 162 109.2143444
"Schildmeer" "Weiwerd" 220 2 884 0 218 114.5442102
"Schildmeer" "Meeden" 220 2 1525 0 234.657247335496 115.587441315117
"Vierverlaten" "Zeyerveen" 220 2 457 0 178.631341042333 110.664601764171
"Apeldoorn" "Woudhuis" 150 2 234 0 103.285890422643 103.358843949635
"Borculo" "Winterswijk" 150 1 249 0.163 83.5858666754764 98.4566413525656
"Dale" "Winterswijk" 150 2 249 0.158 98.4330926585046 101.458838982985
"Dodewaard" "Ede" 150 2 208 0.216 99.5549621714517 105.212307187074
"Dodewaard" "Tiel" 150 2 216 0 90.1641601086173 104.02685456168
"Doetinchem" "Dale" 150 1 249 0 86.5251299580373 99.4798356968351
"Doetinchem" "Langerak" 150 2 216 0.059 94.684796691154 101.438071914661
"Doetinchem" "Ulft" 150 1 251 0.025 89.252399400183 100.230220895625
"Druten" "Tiel" 150 1 249 0.277 86.6176713533796 103.613450013664
"Elst" "Kattenberg" 150 2 195 0.314 110.559088983145 105.179064014571
"Kattenberg" "Apeldoorn" 150 2 195 0.000 111.22847763217 105.302206649576
"Kattenberg" "Arnhem" 150 2 104 1.000 110.043570445251 105.186794861302
"Kattenberg" "Dodewaard" 150 1 136 1.000 106.252979699977 105.072125687689
"Kattenberg" "Renkum" 150 2 136 1.000 108.641496254092 105.379381335924
"Langerak" "Zutphen" 150 2 223 0.026 101.254017376768 102.772021071391
"Lochem" "Borculo" 150 2 169 0.136 86.3513449559152 99.1549807150578
"Nijmegen" "Dodewaard" 150 2 226 0.050 102.427217597738 104.040228441794
"Nijmegen" "Druten" 150 1 221 0 98.880728842501 103.626823893778
"Nijmegen" "Elst" 150 2 195 0.167 105.95715862656 104.090512592387
"Nijmegen" "Langerak" 150 1 184 0.003 99.2404165102335 102.786583532802
"Nijmegen" "Philips" 150 1 250 1.000 101.994796803813 103.17907676827
"Nijmegen" "Teersdijk" 150 1 221 0.000 102.605764133684 103.271195092449
"Nijmegen" "Zevenaar" 150 1 184 0.000 100.4660181644 103.158429673151
"Renkum" "Dodewaard" 150 2 136 1.000 100.125802987947 104.677616748631
"Teersdijk" "Cuyk" 150 2 142 0.000 98.1653845604527 102.285437825507
"Teersdijk" "Druten" 150 1 221 0.000 96.4706704202787 103.34130348448
"Teersdijk" "Philips" 150 1 250 1.000 101.704501097765 103.048282360634
"Tiel" "Zaltbommel" 150 2 251 0.110 117.367557786055 103.870412294456
"Ulft" "Dale" 150 1 249 0.013 81.055542864047 98.2607755823843
"Vaassen" "Hattem" 150 1 223 0.000 102.260018724086 102.744225531536
"Woudhuis" "Eerbeek" 150 2 166 1.000 103.038156675522 103.327449706545
"Woudhuis" "Hattem" 150 1 223 0.000 98.1341009696958 101.9560334544
"Woudhuis" "Vaassen" 150 1 223 0.000 102.785097660153 103.136867953649
"Woudhuis" "Zutphen" 150 2 223 0.000 97.754790301379 102.043275567156
"Zevenaar" "Langerak" 150 1 190 0.007 95.9337296939569 101.84677597395
"Zutphen" "Lochem" 150 2 169 0.597 91.7432819497466 100.520622963566
"Borssele" "GoesDePoel" 150 2 400 0.000 268.308430979808 115.080400101542
"Borssele" "Terneuzen" 150 2 400 0.355 260.913950507833 114.471147260484
"Middelburg" "Borssele" 150 1 187 0.049 324.601647526417 118.954833807623
"Middelburg" "GoesDePoel" 150 1 138 0.038 304.632507591105 117.603908334339
"Oostburg" "Westdorpe" 150 2 161 0.000 368 121.9244457
"Terneuzen" "Westdorpe" 150 2 187 0.000 204.639728683371 110.490232954889
"Vlissingen" "Borssele" 150 1 170 0.000 333.31933622961 119.534801750148
"Vlissingen" "GoesDePoel" 150 1 138 0.000 308.830621163374 117.884850962768
"Woensdrecht" "GoesDePoel" 150 2 333 0.000 175.443311393686 109.113128710816
"Beersdal" "Terwinselen" 150 2 390 0.000 149 105.4010402
"Beersdal" "Treebeek" 150 2 90 0 149 105.4010402
"Belfeld" "Blerick" 150 1 130 0 63 95.29701615
"Boekend" "Blerick" 150 1 240 0 101.465686234036 100.235738075496
"Boekend" "Horst" 150 1 270 0 75.2293884603696 96.4553078419466
"Boekend" "Venray" 150 1 270 0 75.8927243922804 96.8435385356483
"Born" "Maasbracht" 150 1 100 0.015 122.161545926632 102.043694462613
"Buggenum" "Belfeld" 150 1 130 0 103.770643443359 100.241925963692
"Buggenum" "Blerick" 150 1 130 0 99.0850589135063 99.6753727252219
"Buggenum" "Kelpen" 150 1 160 0 104.773701939795 99.4631135696484
"Buggenum" "Maalbroek" 150 2 390 0 122.845676196575 102.679362308415
"Buggenum" "Nederweert" 150 1 160 0 103.489357273236 98.9717937674795
"Gennep" "Venray" 150 1 160 0 79.8925365734355 98.580635082293
"Graetheide" "Limmel" 150 2 240 0 146.75810168265 105.279490852684
"Graetheide" "Schoonbron" 150 1 210 0.030 149 105.4010402
"Schoonbron" "Terwinselen" 150 1 210 0.030 149 105.4010402
"Haps" "Cuyk" 150 2 160 0 91.0431071842412 100.812494340753
"Cuyk" "Teersdijk" 150 2 160 0 98.1653845604527 102.285437825507
"Haps" "Gennep" 150 1 160 0 87.0092450058543 100.050485525412
"Helden" "Boekend" 150 1 550 0 85.8537545944322 97.7171636353496
"Horst" "Venray" 150 1 270 0 75.4444094134774 97.0464339370058
"Huskensweg" "Beersdal" 150 2 120 0 149 105.4010402
"Kelpen" "Nederweert" 150 1 160 0 108.343140611028 99.625072654691
"Limmel" "Beek" 150 1 210 0 149 105.4010402
"Lutterade" "Born" 150 1 100 0.038 134.108572922095 103.512977486956
"Lutterade" "Maasbracht" 150 1 100 0.000 126.64275573056 102.684830923965
"Graetheide" "Beek" 150 1 210 0.115 140.180708317065 104.272069380096
"Maalbroek" "Beersdal" 150 2 390 0.000 149 105.4010402
"Maasbracht" "Boekend" 150 1 550 0.000 96.8101875728847 99.1753208535293
"Maasbracht" "Buggenum" 150 2 550 0.000 109.247880199969 100.540095611323
"Maasbracht" "Graetheide" 150 2 600 0.000 125.597493550495 102.434076182139
"Maasbracht" "Helden" 150 1 550 0.000 103.739295756646 99.7573906814417
"Maasbracht" "Merum" 150 1 210 0.000 113.098429805545 101.130313945446
"Maasbracht" "Roermond" 150 1 210 0.219 111.889663514895 100.983850015937
"Merum" "Roermond" 150 1 210 0.525 117.245100149398 101.801889181958
"Nederweert" "Maarheeze" 150 2 130 0.000 106.717992651649 100.358954215998
"Nederweert" "Weertheide" 150 2 170 0.000 108.335966338474 100.211291588673
"Terwinselen" "Schoonbron" 150 1 390 0.000 149 105.4010402
"Schoonbron" "Limmel" 150 1 390 0.000 149 105.4010402
"Urmond" "Lutterade" 150 2 100 0.000 138.757041799073 104.071374495975
"Venray" "Boxmeer" 150 1 160 0.028 78.8275572955187 98.2843497782415
"Boxmeer" "Haps" 150 1 160 0.028 85.9442657279383 99.7542002213605
"sHertogenboschNoord" "Eerde" 150 1 210 0.000 116.928500638016 102.869312647228
"sHertogenboschNoord" "EindhovenOost" 150 1 210 0.000 107.904287460408 102.570631194799
"sHertogenboschNoord" "Oss" 150 2 190 0.000 121.719023065667 102.822315096376
"sHertogenboschWest" "sHertogenboschNoord" 150 1 310 0.000 129.846166796955 103.641007392359
"AarleRixtel" "HelmondOost" 150 1 190 0.000 99.1163964774936 100.747331220323
"Best" "EindhovenNoord" 150 1 310 0.000 97.6151351819475 102.294960801361
"Breda" "Princenhage" 150 1 390 0.000 105.459007761751 104.783301439388
"Princenhage" "Etten" 150 1 390 0.000 107.485583150625 104.914785492789
"Breda" "Princenhage" 150 1 390 0.000 105.459007761751 104.783301439388
"Princenhage" "Roosendaal" 150 1 390 0.000 108.939566936917 105.009122253809
"Eerde" "EindhovenOost" 150 1 320 0.011 96.0209804926952 101.874873902511
"EindhovenNoord" "EindhovenOost" 150 2 780 0.000 96.9839185565744 101.8806829639
"EindhovenNoord" "EindhovenWest" 150 1 300 1.000 96.4616271993933 102.176169495973
"EindhovenOost" "EindhovenZuid" 150 2 390 0.000 98.2254277618879 101.758916003641
"EindhovenZuid" "Maarheeze" 150 2 390 0.000 101.589440550863 101.3347679485
"EindhovenOost" "HelmondZuid" 150 2 370 0.048 99.036922493806 101.183167590836
"EindhovenWest" "EindhovenZuid" 150 1 300 1.000 97.9742371629268 102.120877018174
"EindhovenZuid" "Hapert" 150 2 120 0.000 100.997497238951 102.968996472227
"Etten" "Roosendaal" 150 1 320 0.000 112.834145084275 105.264695803817
"Geertruidenberg" "Biesbosch" 150 2 30 0.888 135.346432071092 106.238133466108
"Geertruidenberg" "Breda" 150 2 650 0.000 117.79658349938 105.600122832742
"Geertruidenberg" "Oosteind" 150 1 390 0.000 112.976071034767 104.82851352939
"Geertruidenberg" "Zevenbergschenhoek" 150 2 370 0.037 132.943411978836 106.599531336628
"Zevenbergschenhoek" "Moerdijk" 150 2 370 0.037 138.016421708324 106.93114294411
"Geertruidenberg" "sHertogenboschWest" 150 1 320 0.010 117.962810825185 103.985261809659
"Geertruidenberg" "TilburgWest" 150 1 390 0.000 101.207957577389 103.940995480559
"Geertruidenberg" "Waalwijk" 150 1 320 0.017 113.570054917151 104.205105294177
"HelmondOost" "HelmondZuid" 150 1 190 0.000 100.058671004849 100.718967778694
"Maarheeze" "Budel" 150 2 190 0.000 108.256976417518 101.264589644189
"Moerdijk" "Roosendaal" 150 2 310 0.000 126.350152404038 106.157555254646
"Nederweert" "Maarheeze" 150 2 130 0.000 106.717992651649 100.358954215998
"Oosteind" "TilburgNoord" 150 1 390 0.000 97.4598729753446 103.508385139413
"Oss" "AarleRixtel" 150 1 190 0.000 98.5141323332652 101.458086112302
"Oss" "Uden" 150 1 190 0.000 99.5065679585231 101.851161914686
"Roosendaal" "Woensdrecht" 150 2 370 0.000 110.623245803692 105.114272189876
"TilburgNoord" "Best" 150 1 210 0.000 101.253372422617 102.943599012505
"TilburgNoord" "EindhovenNoord" 150 1 210 0.000 99.9724828829073 102.865351604506
"TilburgNoord" "TilburgZuid" 150 2 110 1.000 91.9118547839 103.166084358047
"TilburgWest" "TilburgNoord" 150 1 390 0.000 96.7662900284068 103.351566701748
"Uden" "HelmondZuid" 150 1 190 0.000 95.5455906975285 101.041466172274
"Waalwijk" "sHertogenboschNoord" 150 1 310 0.000 128.8716025864 103.929500615984
"Woensdrecht" "BergenopZoom" 150 2 120 1.000 137.317233392942 106.840496126525
"Woensdrecht" "GoesDePoel" 150 2 370 0.000 175.443311393686 109.113128710816
"Amstelveen" "BijlmerZuid" 150 1 132 1.000 224.982607173655 112.265657462355
"AmsterdamHemweg" "Oostzaan" 150 3 500 0.595 276.675296962789 116.759010629484
"AmsterdamHoogteKadijk" "Watergraafsmeer" 150 1 113 1.000 230.829445110012 112.624141221011
"Klaprozenweg" "AmsterdamHemweg" 150 3 237 1.000 267.898152991383 115.976505789176
"Klaprozenweg" "AmsterdamHoogteKadijk" 150 3 88 1.000 248.695009159877 114.230153904905
"Klaprozenweg" "AmsterdamNoordPapaverweg" 150 3 132 1.000 255.698199520306 114.842361222326
"BijlmerNoord" "Amstelveen" 150 1 250 1.000 230.882300966207 112.787307754987
"Diemen" "Amstelveen" 150 1 250 1.000 215.974292598033 111.365158144031
"Diemen" "BijlmerNoord" 150 1 250 1.000 208.763778856701 110.655954123055
"Diemen" "sGraveland" 150 2 240 0.033 162.544994167698 106.414225002575
"Diemen" "Venserweg" 150 2 240 0.136 203.948858680362 110.182844177537
"Diemen" "Watergraafsmeer" 150 1 250 1.000 207.293342289285 110.465610985192
"Haarlemmermeer" "Vijfhuizen" 150 2 240 0.012 398.533338883399 124.182071660448
"NieuweMeer" "Amstelveen" 150 1 250 1.000 258.177903704455 115.311882539132
"Oterleek" "AnnaPaulowna" 150 2 240 0.000 380.63888706004 124.182679885906
"Oterleek" "Westwoud" 150 2 240 0.000 287.520293033089 117.201481686744
"Oterleek" "Wijdewormer" 150 3 240 0.000 354.481093867689 121.116027591051
"Sassenheim" "Haarlemmermeer" 150 2 210 0.010 356.310360339326 121.235113853502
"Velsen" "AmsterdamHemweg" 150 1 380 0.293 410.884771784035 124.819564188571
"Velsen" "Beverwijk" 150 1 380 1.000 526.91186870246 131.485997054185
"Velsen" "Oterleek" 150 2 220 0.152 476.696408697068 128.518721062655
"Velsen" "Vijfhuizen" 150 2 220 0.223 484.357343455897 129.154866842383
"Velsen" "Waarderpolder" 150 1 200 1.000 509.019408821182 130.563818362784
"Venserweg" "BijlmerZuid" 150 2 110 1.000 212.957173255984 111.083343495861
"Venserweg" "NieuweMeer" 150 1 300 1.000 246.152469786784 114.129568572637
"Vijfhuizen" "NieuweMeer" 150 1 300 1.000 341.529320404371 121.025127104253
"Waarderpolder" "Vijfhuizen" 150 1 200 1.000 441.543269503366 126.777022000602
"Watergraafsmeer" "Venserweg" 150 1 113 1.000 217.386430481121 111.41465065063
"Wijdewormer" "Diemen" 150 3 240 0.265 236.968487882589 113.026949872524
"Zorgvlied" "Venserweg" 150 2 110 1.000 230.240575206784 112.642366953871
"Alblasserdam" "Arkel" 150 2 260 0.000 161.133734118295 106.90748786946
"Alphen" "Gouda" 150 1 300 1.000 233.092931408887 112.769267910261
"Crayestein" "DordrechtMerwedehaven" 150 3 500 1.000 164.555283458388 108.047455569513
"Delft" "Voorburg" 150 1 300 1.000 339.26723509525 120.082618636466
"Delft" "Wateringen" 150 2 180 0.061 348.250521431342 120.779594709406
"DenHaag" "Rijswijk" 150 1 300 1.000 403.221470536988 124.278736800818
"DordrechtMerwedehaven" "Alblasserdam" 150 2 300 0.069 173.24390913085 108.699431160597
"DordrechtNoordendijk" "DordrechtMerwedehaven" 150 2 180 1.000 168.775055094498 108.506809125469
"Krimpen" "Gouda" 150 2 220 0.038 203.900305975644 109.867493680849
"Krimpen" "Ommoord" 150 1 300 1.000 211.403806872415 111.145524579996
"Krimpen" "RotterdamZuidwijk" 150 1 300 1.000 204.397616347136 111.038935012933
"Krimpen" "Zoetermeer" 150 1 670 0.027 223.100843314046 111.949992636807
"Leiden" "Sassenheim" 150 2 200 0.000 302.887343633459 117.682720309304
"RotterdamCentrum" "RotterdamMarconistraat" 150 1 160 1.000 220.918874926715 112.404049594246
"RotterdamMarconistraat" "Delft" 150 2 200 0.275 278.318024846437 116.224665510889
"RotterdamMarconistraat" "Delft" 150 1 120 1.000 278.318024846437 116.224665510889
"RotterdamMarconistraat" "Ommoord" 150 1 300 1.000 224.953449008188 112.649732326937
"RotterdamWaalhaven" "RotterdamZuidwijk" 150 1 300 1.000 211.492656693699 111.781759621941
"RotterdamWaalhaven" "Krimpen" 150 3 220 0.123 210.622545991894 111.657758422837
"RotterdamWaalhaven" "RotterdamCentrum" 150 1 160 1.000 217.152954158051 112.155190977795
"RotterdamWaalhaven" "RotterdamMarconistraat" 150 3 160 1.000 229.929580783374 113.005982894625
"Sassenheim" "Haarlemmermeer" 150 2 105 0.029 356.310360339326 121.235113853502
"Voorburg" "DenHaag" 150 1 300 1.000 386.62364672853 123.117848837111
"Voorburg" "Leiden" 150 2 300 0.335 297.711644448256 117.013026009926
"Wateringen" "Rijswijk" 150 2 300 0.667 388.605658438226 123.39682646274
"Wateringen" "Westerlee" 150 4 300 0.014 415.645335805057 125.306736778728
"Westerlee" "Maasvlakte" 150 2 500 0.235 533.006457158628 133.193756589367
"Zoetermeer" "Bleiswijk" 150 1 560 1.000 248.481454295554 114.496577254643
"Zoetermeer" "Alphen" 150 2 300 1.000 252.413634126756 114.898591516749
"Zoetermeer" "Leiden" 150 3 300 0.225 271.032671705137 115.773644261929
"AlmereDeVaart" "Almere" 150 1 104 1.000 166.003804526324 110.256560288704
"AlmereDeVaart" "AlmereMarkerkant" 150 1 104 1.000 173.019862238916 110.682431422744
"AlmereMarkerkant" "Almere" 150 1 225 1.000 165.503548163936 110.362282366307
"AlmereMarkerkant" "Pampus" 150 1 225 1.000 171.249019586638 110.850627715817
"Bunschoten" "Zeewolde" 150 2 416 0.000 126.226435121703 107.769022791056
"Dronten" "Lelystad" 150 1 416 0.000 169.007806368285 109.502855558312
"Ede" "Harderwijk" 150 2 223 0.081 123.355679814345 107.186842944283
"Harderwijk" "Kubbetocht" 150 1 416 0.000 155.097814431947 108.376839968766
"Harderwijk" "Lelystad" 150 1 416 0.096 159.92947462135 108.645229317563
"Harderwijk" "Zeewolde" 150 1 416 0.000 145.158749529653 108.131038698662
"Hattem" "Lelystad" 150 1 416 0.000 134.949224924392 107.833235000537
"Kubbetocht" "Lelystad" 150 1 416 0.000 169.566135787134 109.345409959963
"Pampus" "sGraveland" 150 1 225 1.000 151.970660234518 108.677217398795
"Hattem" "Dronten" 150 1 494 0.000 126.951985187916 107.502135583806
"Hattem" "Lelystad" 150 1 416 0.000 134.949224924392 107.833235000537
"Zeewolde" "Almere" 150 2 162 0.357 146.898768211439 108.922374283171
"Zeewolde" "Lelystad" 150 1 416 0.089 170.456576740322 109.199817867672
"Bergum" "Dokkum" 110 2 69 0.000 325.665924713747 122.855431131151
"Bergum" "Drachten" 110 2 77 0.000 310.91607819409 121.731907425446
"Drachten" "Gorredijk" 110 1 77 0.000 263.72794748313 118.043482867279
"Drachten" "Oosterwolde" 110 1 77 0.000 239.873187357046 116.029050348946
"Heerenveen" "Oudehaske" 110 1 77 0.195 203.682541827959 113.589767340359
"Herbayum" "Louwsmeer" 110 1 120 0.000 242.197142993778 116.331896171972
"Herbayum" "Marnezijl" 110 2 120 0.000 302.150729799369 120.429323328389
"Herbayum" "Schenkenschans" 110 1 86 0.076 263.022936494327 117.829201501578
"Leeuwarden" "Louwsmeer" 110 2 86 0.184 251.180073681884 117.20228130658
"Louwsmeer" "Bergum" 110 2 77 0.000 287.945968881227 119.99129051007
"Louwsmeer" "Rauwerd" 110 2 114 0.000 222.638602464766 115.035147876286
"Oudehaske" "Gorredijk" 110 1 137 0.000 238.345829459926 116.219479996296
"Oudehaske" "Lemmer" 110 2 77 0.000 179.390845670227 111.630805320796
"Oudehaske" "Oosterwolde" 110 1 77 0.000 231.044770656189 115.522180183003
"Oudehaske" "Wolvega" 110 2 69 0.000 206.569507802764 113.80688551245
"Rauwerd" "Heerenveen" 110 1 77 0.037 198.939527749478 113.232774562071
"Rauwerd" "Marnezijl" 110 1 114 0.000 250.538045600176 116.667642765919
"Rauwerd" "Oudehaske" 110 1 77 0.000 192.165024599233 112.718979670398
"Rauwerd" "Sneek" 110 1 114 0.011 223.42221645565 114.842549141529
"Schenkenschans" "Louwsmeer" 110 1 86 0.179 240.462331263204 116.389117498189
"Sneek" "Marnezijl" 110 1 120 0.007 258.028140238238 117.10995030232
"AlmeloMosterdpot" "AlmeloTusveld" 110 2 149 0.000 79.8514697697644 98.7538385089169
"AlmeloMosterdpot" "Nijverdal" 110 1 96 0.000 77.5847392186072 97.9918645897083
"AlmeloMosterdpot" "Tubbergen" 110 1 91 0.000 87.3980110162393 100.032751978929
"AlmeloTusveld" "HengeloWeideweg" 110 2 129 0.000 81.1211219055709 99.1779767343815
"AlmeloUrenco" "AlmeloTusveld" 110 3 0 1.000 79.9826905020454 98.8911420623992
"Bargermeer" "AKZOEmmen" 110 2 0 1.000 150.839517654063 107.608318242357
"Beilen" "EmmenWeerdingen" 110 1 220 0.007 152.996401735685 108.16973670239
"EmmenWeerdingen" "Bargermeer" 110 1 220 0.007 153.207456238853 107.867575623702
"Beilen" "MusselkanaalZandberg" 110 1 114 0.000 162.656201317543 109.123490234476
"Coevorden" "CoevordenEuropark" 110 1 127 1.000 127.306487328769 105.353786299908
"Coevorden" "Veenoord" 110 1 64 0.000 134.187388791622 106.023532266557
"Dedemsvaart" "Hoogeveen" 110 1 63 0.037 118.375542563175 103.768374970057
"DelfzijlDelesto" "DelfzijlWeiwerd" 110 1 454 1.000 218 114.5442102
"DeventerPlatvoet" "DeventerBergweide" 110 2 0 0.000 89.6462153934699 100.141303268608
"DeventerPlatvoet" "Goor" 110 1 113 0.000 81.073944119262 98.0065048566562
"DeventerPlatvoet" "Rijssen" 110 1 72 0.000 81.4779181565771 98.1432271171397
"Emmeloord" "Kampen" 110 1 87 0.282 135.593909729246 108.027553403355
"Emmeloord" "Vollenhove" 110 1 87 0.000 133.959395182654 108.079616507487
"EnschedeHeekstraat" "EnschedeVechtstraat" 110 1 103 1.000 84 100.3695593
"EnschedeHeekstraat" "Losser" 110 1 114 0.014 84 100.3695593
"EnschedeMarssteden" "EnschedeHeekstraat" 110 1 131 0.000 82.5815282700101 100.026141292646
"EnschedeVechtstraat" "EnschedeWesselerbrink" 110 1 92 1.000 84 100.3695593
"Goor" "Haaksbergen" 110 2 69 0.000 81.7823687718051 98.5889672906809
"Goor" "HengeloWeideweg" 110 2 126 0.592 81.1230857983962 98.8454036846301
"GroningenBloemsingel" "GroningenHunze" 110 2 0 1.000 246.373433808201 116.152680130699
"GroningenHunze" "GasselteKraanlanden" 110 2 30 0.027 171.156778067973 110.059117068474
"GroningenHunze" "GroningenBornholmstraat" 110 3 0 1.000 238.605571685537 115.531279115747
"GroningenHunze" "Kropswolde" 110 1 131 0.000 214.333130363165 113.616142709854
"GroningenHunze" "SlochterenOverschild" 110 1 145 0.031 276.764602885685 118.816778718488
"SlochterenOverschild" "SlochterenDellerweerden" 110 1 145 0.031 162 109.2143444
"GroningenHunze" "SlochterenPaauwen" 110 1 145 0.087 265.802026627406 117.870674286738
"SlochterenPaauwen" "SlochterenDellerweerden" 110 1 145 0.087 162 109.2143444
"GroningenHunze" "Vierverlaten" 110 2 131 0.000 240.464689339796 115.608313620005
"GroningenvanHeemkerkstraat" "Vierverlaten" 110 2 114 1.000 243.53731890433 115.827230565787
"Haaksbergen" "Eibergen" 110 2 0 0.000 83.3106947805401 98.7133709570428
"Harculo" "DeventerPlatvoet" 110 1 263 0.000 89.8407057706718 100.031263550817
"Harculo" "Olst" 110 1 263 0.000 91.2302770142715 100.249971079601
"Harculo" "Raalte" 110 2 98 0.000 81.4297342808748 98.0786033376802
"Harculo" "ZwolleHessenweg" 110 2 128 0.000 88.6124732772332 99.4904149479517
"Harculo" "ZwolleWeteringkade" 110 2 128 0.000 92.9922090764727 100.481869874957
"Hardenberg" "Dedemsvaart" 110 1 63 0.067 109.424711145479 102.614723057225
"Hardenberg" "Hoogeveen" 110 1 109 0.000 118.418620182389 103.890960656736
"Hardenberg" "OmmenDante" 110 1 152 1.000 101.702332696371 101.316269380137
"HengeloBoldershoek" "HengeloAVI" 110 2 0 1.000 83.0392388080171 99.5558678664993
"HengeloOele" "EnschedeMarssteden" 110 1 129 0.000 83.3034748978213 99.6297066676258
"HengeloOele" "EnschedeWesselerbrink" 110 1 129 0.035 83.8666249102973 99.8338095947308
"HengeloOele" "HengeloBoldershoek" 110 2 113 0.000 82.7261922527336 99.4706624870025
"HengeloSalinco" "HengeloBoldershoek" 110 1 0 1.000 82.9498898729275 99.5665982970965
"HengeloSalinco" "HengeloOele" 110 1 0 1.000 82.7271225921276 99.4936591626677
"HengeloWeideweg" "HengeloOele" 110 2 514 0.000 82.3704705565412 99.4517887912541
"HengeloWeideweg" "Oldenzaal" 110 2 63 0.140 83.5314177707005 100.089908831402
"Hoogeveen" "Coevorden" 110 1 64 0.000 127.611395910684 105.464957343556
"Hoogeveen" "Veenoord" 110 1 64 0.000 134.343175085994 106.229616922043
"Hoogeveen" "WijsterGAVI" 110 1 229 0.130 134.814284238383 106.661184055541
"WijsterGAVI" "Zeyerveen" 110 1 229 0.130 145.020799822257 107.650005010883
"Kropswolde" "Meeden" 110 1 131 0.000 185.789989657866 111.469566706088
"Kropswolde" "MenterwoldeSpitsbergen" 110 1 131 0.202 197.327260326551 112.372806783772
"MenterwoldeSpitsbergen" "Meeden" 110 1 131 0.202 191.672161417362 112.029431812254
"Meeden" "Klazinaveen" 110 1 134 0.119 175.387670641616 110.179569215674
"Klazinaveen" "Bargermeer" 110 1 134 0.119 150.716325341881 107.515105628789
"Meeden" "VeendamZuidwending" 110 2 96 1.000 192.565068339764 112.083791376198
"Meeden" "Winschoten" 110 2 114 0.036 200.158819250562 112.817350422062
"Meppel" "Steenwijk" 110 2 0 0.000 131.655428012997 107.339123532566
"MusselkanaalZandberg" "MusselkanaalDobbestroom" 110 1 63 0.034 176.113468318217 110.16563967303
"MusselkanaalDobbestroom" "Stadskanaal" 110 1 63 0.034 178.927788952056 110.521122270269
"Nijverdal" "Vroomshoop" 110 0 91 0.140 82.3812658529575 98.5633343781566
"NoordoostpolderVoorsterweg" "Lemmer" 110 1 91 0.000 154.1102806153 109.693348595808
"Norg" "Zeyerveen" 110 1 162 1.000 156.18842717034 108.936240154014
"Oldenzaal" "Losser" 110 1 146 1.000 84 100.3695593
"Olst" "DeventerPlatvoet" 110 1 263 0.000 87.8126331554128 99.7070270234129
"OmmenDante" "OmmenVilsteren" 110 2 0 1.000 89.5824841950245 99.0533066555439
"Raalte" "Nijverdal" 110 2 49 0.170 74.6656055875875 96.7057732227965
"Rijssen" "Goor" 110 1 72 0.000 78.7228070971684 97.7916401862697
"ScheemdaScheemderzwaag" "Meeden" 110 1 0 1.000 195.37231202979 112.38095229835
"SlochterenDellerweerden" "DelfzijlSchaapbulten" 110 1 145 0.326 218 114.5442102
"DelfzijlSchaapbulten" "DelfzijlWeiwerd" 110 1 145 0.326 218 114.5442102
"SlochterenDellerweerden" "SlochterenTjuchem" 110 1 145 0.314 218 114.5442102
"SlochterenTjuchem" "DelfzijlWeiwerd" 110 1 145 0.314 218 114.5442102
"SlochterenKooipolder" "Kropswolde" 110 1 0 1.000 212.220313518357 113.546803034608
"Stadskanaal" "Meeden" 110 1 89 0.021 190.261714045715 111.830785648445
"Vroomshoop" "Tubbergen" 110 1 91 0.000 92.1945376505896 100.604221767377
"Veendam" "GasselteKraanlanden" 110 1 96 0.015 179.732692397992 110.82992708548
"Veendam" "Meeden" 110 2 96 0.000 190.406089593221 111.88242545741
"Veenoord" "EmmenWeerdingen" 110 1 110 0.014 148.310090139432 107.40107294867
"Veenoord" "Erica" 110 1 0 1.000 140.960136185271 106.597384023306
"Veenoord" "Schoonebeek" 110 1 0 1.000 139.619046477715 106.466954345152
"Vierverlaten" "Grijpskerk" 110 1 214 0.595 285.467224494505 119.171576837809
"Vollenhove" "Kampen" 110 1 87 0.289 124.771744012082 107.173218906993
"Vollenhove" "Luttelgeest" 110 1 87 0.364 129.600082249223 107.883567698544
"Luttelgeest" "Lemmer" 110 1 87 0.364 162.611411665967 110.317090493965
"Vollenhove" "NoordoostpolderVoorsterweg" 110 1 87 0.000 123.381073240008 106.702469314632
"WinsumRanum" "Grijpskerk" 110 1 214 0.605 342.484423680797 123.835969951475
"WinsumRanum" "Vierverlaten" 110 1 137 0.024 307.359208905361 121.05219079307
"Zeyerveen" "Beilen" 110 2 220 0.000 148.711433645884 108.025962480139
"Zeyerveen" "Marsdijk" 110 2 137 0.000 153.468788467397 108.425725557982
"Zwartsluis" "Meppel" 110 2 87 0.213 118.419846517876 105.042702204023
"Zwartsluis" "Vollenhove" 110 1 111 0.222 118.089187624871 105.448163910128
"ZwolleFrankhuis" "Kampen" 110 2 152 0.812 114.251171413768 105.026288477955
"ZwolleFrankhuis" "ZwolleWeteringkade" 110 2 139 0.937 96.9296630205757 101.289134164921
"ZwolleHessenweg" "OmmenDante" 110 2 115 0.000 90.592882213311 99.2928015260967
"ZwolleHessenweg" "Zwartsluis" 110 2 115 0.000 102.667809975453 102.121566958803
"ZwolleHessenweg" "ZwolleWeteringkade" 110 2 72 0.000 88.8319016807418 99.491879453284
"Maasvlakte" "Simonshaven" 380 2 2635 0 474.820071784436 129.312155106557
"Simonshaven" "Crayestein" 380 2 2635 0 192.057719705625 110.498763748475
"Dodewaard" "Boxmeer" 380 1 1645 0 99.1307166051066 102.451846505363
"Boxmeer" "Maasbracht" 380 1 1645 0 90.0976131360618 98.2363126368791
"ScheemdaDeEeker" "Meeden" 110 1 0 0 196.642312810673 112.497968496953
"Harderwijk" "Harselaar" 150 2 0 0 132.841224243295 107.550707671608
"Kruiningen" "GoesDePoel" 150 2 0 0 210.100194844794 111.217599270737
"Rilland" "Woensdrecht" 150 2 0 0 117.567233184831 105.460986845785
"WillemAnnaPolder" "GoesDePoel" 150 2 0 0 218.014370980505 111.695107767708
"BijlmerZuid" "Venserweg" 150 2 0 0 212.957173255984 111.083343495861
"BijlmerZuid" "Amstelveen" 150 1 0 0 224.982607173655 112.265657462355
"Lelystad" "Zuiderveld" 150 2 0 0 185.483955198155 110.472105474413
"DordrechtZuid" "DordrechtMerwedehaven" 150 2 0 0 166.100595874373 108.406813790424
"Merseyweg" "Theemsweg" 150 1 0 0 380.483541344588 123.048605342324
"APN" "Merseyweg" 150 1 0 0 372.264319397046 122.501241807652
"Gerbrandyweg" "Theemsweg" 150 1 0 0 378.785687488694 122.933556352093
"AkzoNobel" "Botlek" 150 1 0 0 351.012500123606 121.084340680993
"Ouderijn" "UtrechtLageWeide" 150 2 0 0 122.034122402855 102.647886252531
"Ouderijn" "Nieuwegein" 150 2 0 0 106.568551599714 101.163915018899
"UtrechtLageWeide" "Breukelen" 150 2 0 0 144.270306877347 104.918343798668
"UtrechtLageWeide" "Soest" 150 2 0 0 81.9506606406099 102.21944006738
"CorusHVS20" "Velsen" 150 3 0 0 577.502306496696 134.42983697853
"Geervliet&GeervlietNoorddijk" "Botlek" 150 2 0 0 346.967572918302 120.815662950038
"Geervliet&GeervlietNoorddijk" "RotterdamWaalhaven" 150 2 0 0 284.68589717797 116.661206622316
"Europoort" "Geervliet&GeervlietNoorddijk" 150 2 0 0 425.903639454326 126.074172645445
"VeenendaaltGoeieSpoor" "VeenendaalWageningselaan" 150 2 0 0 93.5793004558463 105.388234544137
"Driebergen" "VeenendaaltGoeieSpoor" 150 2 0 0 84.0918387154949 105.505408035376
"VeenendaalWageningselaan" "Dodewaard" 150 2 0 0 96.0490960571323 104.832428629945
"Vondelingenweg" "Botlek" 150 1 0 0 315.168277084718 118.694007208097
"Breukelen" "Diemen" 150 2 0 0 180.520876889029 108.193159561327
"Soest" "Bunschoten" 150 2 0 0 102.332527574904 107.102800703404
"CorusHVS12" "Velsen" 150 3 0 0 559.819375913352 133.380766910202
"CorusHVS23" "Velsen" 150 2 0 0 568.414140240672 133.892119979643
"Oudeland" "Botlek" 150 1 0 0 311.751232050046 118.466345848365
"Oudeland" "RotterdamWaalhaven" 150 1 0 0 249.46955630972 114.311889520642
"Nieuwegein" "Driebergen" 150 2 0 0 89.9417461025483 101.635375270116
"Heveskes" "DelfzijlWeiwerd" 110 2 0 0 218 114.5442102
"Theemsweg" "Botlek" 150 1 0 0 368.665882833886 122.260949885292
"Borssele" "Zandvliet" 380 1 1645 0 172.768659776668 108.646763091503
"Geertruidenberg" "Zandvliet" 380 1 1645 0 106.296673529546 104.832523158963
"Maasbracht" "VanEyck" 380 2 1645 0 118.137788473693 101.213828499204
"Meeden" "Diele" 380 2 1645 0 218 114.5442102
"Hengelo" "Gronau" 380 2 1645 0 84 100.3695593
"Maasbracht" "Selfkant" 380 2 1645 0 149 105.4010402
"Eemshaven" "Feda" 450 1 800 1 431 130.8513551
"Maasvlakte" "Grain" 450 1 1000 1 368 121.9244457
